OBs, -0.14663434028625488, 0.0, 0.0, 0.0, u_values, -0.05354040861129761, 0, 0, 0, reward, 0.9784983702488148
OBs, -0.14930368959903717, -0.532633900642395, 0.00028994030435569584, 0.057199783623218536, u_values, -0.041862547397613525, 0, 0, 0, reward, 0.9493385126542231
OBs, -0.15711167454719543, -1.0489542484283447, 0.0011342287762090564, 0.11172404140233994, u_values, 0.5599930286407471, 0, 0, 0, reward, 0.8652852915438971
OBs, -0.16375485062599182, -0.2525538206100464, 0.0016639174427837133, -0.011934234760701656, u_values, 0.8976993560791016, 0, 0, 0, reward, 0.9668057288038603
OBs, -0.15847466886043549, 1.355118989944458, 0.00039858053787611425, -0.2454158365726471, u_values, 0.2061997652053833, 0, 0, 0, reward, 0.791251015752122
OBs, -0.14405106008052826, 1.5135575532913208, -0.002272400539368391, -0.281831830739975, u_values, -0.9739921689033508, 0, 0, 0, reward, 0.7501631289967339
OBs, -0.14125902950763702, -1.0478266477584839, -0.003501403611153364, 0.049325041472911835, u_values, -0.9846046566963196, 0, 0, 0, reward, 0.8702505922245576
OBs, -0.16500188410282135, -3.749279737472534, -0.0012539367889985442, 0.3988816738128662, u_values, 0.8898688554763794, 0, 0, 0, reward, -0.43293563397543955
OBs, -0.19575323164463043, -2.379903793334961, 0.0018023423617705703, 0.1949240118265152, u_values, 1.0, 0, 0, 0, reward, 0.39528614090387115
OBs, -0.21080245077610016, -0.7015426754951477, 0.002502240939065814, -0.05430387705564499, u_values, 0.9982528686523438, 0, 0, 0, reward, 0.9063454880717292
OBs, -0.2096458375453949, 0.939316987991333, 0.0007339761359617114, -0.29947853088378906, u_values, 0.6878073215484619, 0, 0, 0, reward, 0.867816928534882
OBs, -0.19530579447746277, 1.9771883487701416, -0.003079527523368597, -0.46124908328056335, u_values, -0.9191611409187317, 0, 0, 0, reward, 0.5709273216433104
OBs, -0.18698252737522125, -0.41069814562797546, -0.0062530445866286755, -0.15579955279827118, u_values, -0.9968472719192505, 0, 0, 0, reward, 0.9481663277174887
OBs, -0.2043527066707611, -3.1279006004333496, -0.006057467311620712, 0.19429343938827515, u_values, 0.3165395259857178, 0, 0, 0, reward, -0.020139914633820366
OBs, -0.23513859510421753, -3.095752477645874, -0.00418468564748764, 0.16771981120109558, u_values, 0.9998414516448975, 0, 0, 0, reward, -0.013660250352038661
OBs, -0.2583481967449188, -1.6680220365524292, -0.003595029702410102, -0.0539986789226532, u_values, 0.999811053276062, 0, 0, 0, reward, 0.6550251653723412
OBs, -0.2676737308502197, -0.274984747171402, -0.005238201003521681, -0.2735196053981781, u_values, 0.9810469150543213, 0, 0, 0, reward, 0.9207863688200568
OBs, -0.2638837695121765, 1.063908576965332, -0.009034435264766216, -0.4859950542449951, u_values, 0.08287429809570312, 0, 0, 0, reward, 0.8171670480719494
OBs, -0.255087286233902, 0.6960134506225586, -0.013815417885780334, -0.46152710914611816, u_values, -0.9572700262069702, 0, 0, 0, reward, 0.8864679174799355
OBs, -0.26001617312431335, -1.7872154712677002, -0.01689617894589901, -0.14483606815338135, u_values, -0.8775796294212341, 0, 0, 0, reward, 0.6129491275536272
OBs, -0.28866592049598694, -4.144741058349609, -0.01683030277490616, 0.1542206108570099, u_values, 0.9852125644683838, 0, 0, 0, reward, -0.8012441836418491
OBs, -0.3234947621822357, -3.0790512561798096, -0.016124043613672256, -0.026946261525154114, u_values, 0.9999864101409912, 0, 0, 0, reward, -0.05273052345583307
OBs, -0.34723830223083496, -1.9837377071380615, -0.017356500029563904, -0.21709907054901123, u_values, 0.9997479915618896, 0, 0, 0, reward, 0.48587390758238225
OBs, -0.36112433671951294, -0.9989597797393799, -0.020423512905836105, -0.3948494493961334, u_values, 0.9913829565048218, 0, 0, 0, reward, 0.7697554372872553
OBs, -0.36613479256629944, -0.08178549259901047, -0.025223636999726295, -0.5645984411239624, u_values, 0.8021643161773682, 0, 0, 0, reward, 0.8652128038061172
OBs, -0.3640327453613281, 0.5237242579460144, -0.031503304839134216, -0.6898990869522095, u_values, -0.32969021797180176, 0, 0, 0, reward, 0.8399522046470054
OBs, -0.3645594120025635, -0.7036952972412109, -0.03776278719305992, -0.5524237751960754, u_values, -0.8677662014961243, 0, 0, 0, reward, 0.8174351251747467
OBs, -0.38098394870758057, -2.8538570404052734, -0.04195122420787811, -0.2827398180961609, u_values, 0.43987178802490234, 0, 0, 0, reward, 0.04022523959885094
OBs, -0.4081176817417145, -2.985913038253784, -0.04484330862760544, -0.30578890442848206, u_values, 0.9992890357971191, 0, 0, 0, reward, -0.05832880158449272
OBs, -0.43205171823501587, -2.2779524326324463, -0.04863758757710457, -0.45540186762809753, u_values, 0.9995115995407104, 0, 0, 0, reward, 0.29418802274403044
OBs, -0.44951990246772766, -1.6275852918624878, -0.05392339825630188, -0.600311279296875, u_values, 0.9953351020812988, 0, 0, 0, reward, 0.5327376957687439
OBs, -0.46140313148498535, -1.0508713722229004, -0.060614705085754395, -0.7369892597198486, u_values, 0.9607841968536377, 0, 0, 0, reward, 0.6763066719128219
OBs, -0.4685096740722656, -0.5609670877456665, -0.0686153769493103, -0.8623856902122498, u_values, 0.717566728591919, 0, 0, 0, reward, 0.7485594709519244
OBs, -0.47271764278411865, -0.406302809715271, -0.07762745022773743, -0.9381043314933777, u_values, 0.05342555046081543, 0, 0, 0, reward, 0.759427230779488
OBs, -0.479289710521698, -1.1187142133712769, -0.08675606548786163, -0.8830921649932861, u_values, -0.20280814170837402, 0, 0, 0, reward, 0.6443765627782421
OBs, -0.4936731159687042, -2.1808464527130127, -0.09505384415388107, -0.7755107283592224, u_values, 0.7072062492370605, 0, 0, 0, reward, 0.2797742062098142
OBs, -0.5125760436058044, -2.1604814529418945, -0.10308253020048141, -0.8358324766159058, u_values, 0.990717887878418, 0, 0, 0, reward, 0.26943518786757514
OBs, -0.5295203924179077, -1.807921051979065, -0.11201179772615433, -0.9508845806121826, u_values, 0.9892914295196533, 0, 0, 0, reward, 0.39149563671169163
OBs, -0.5434236526489258, -1.4949146509170532, -0.12208398431539536, -1.0627628564834595, u_values, 0.962478756904602, 0, 0, 0, reward, 0.47972330246642203
OBs, -0.5548778176307678, -1.253207802772522, -0.13323068618774414, -1.1658345460891724, u_values, 0.877633810043335, 0, 0, 0, reward, 0.5332825862341174
OBs, -0.5647332072257996, -1.133065938949585, -0.14532172679901123, -1.2514616250991821, u_values, 0.6892917156219482, 0, 0, 0, reward, 0.550580722027707
OBs, -0.574408233165741, -1.2309173345565796, -0.15810339152812958, -1.3035428524017334, u_values, 0.5113282203674316, 0, 0, 0, reward, 0.5160397649789547
OBs, -0.5856167078018188, -1.5290807485580444, -0.171249121427536, -1.324533224105835, u_values, 0.5885798931121826, 0, 0, 0, reward, 0.4203116518233059
OBs, -0.5989253520965576, -1.7741053104400635, -0.18465018272399902, -1.3560611009597778, u_values, 0.8247528076171875, 0, 0, 0, reward, 0.32313388836485046
OBs, -0.6132203936576843, -1.8169139623641968, -0.19854363799095154, -1.4236422777175903, u_values, 0.9157257080078125, 0, 0, 0, reward, 0.28990115652024984
OBs, -0.6273855566978455, -1.79728102684021, -0.21318422257900238, -1.5045726299285889, u_values, 0.9172430038452148, 0, 0, 0, reward, 0.2788207030272932
OBs, -0.6412836909294128, -1.8032686710357666, -0.22862903773784637, -1.5840373039245605, u_values, 0.8977068662643433, 0, 0, 0, reward, 0.25835031406434594
OBs, -0.6551885008811951, -1.8541253805160522, -0.2448444366455078, -1.658638596534729, u_values, 0.88425612449646, 0, 0, 0, reward, 0.22095505583004704
