OBs, -0.032500822097063065, 0.0, 0.0, 0.0, u_values, -0.02675861120223999, 0, 0, 0, reward, 0.9989436965630151
OBs, -0.0333298034965992, -0.16381770372390747, 9.443260205443949e-05, 0.018645502626895905, u_values, -0.026759028434753418, 0, 0, 0, reward, 0.996205499301789
OBs, -0.035803381353616714, -0.3323250710964203, 0.00037588272243738174, 0.0377567820250988, u_values, 0.11894547939300537, 0, 0, 0, reward, 0.9876741084669413
OBs, -0.038315460085868835, -0.15874525904655457, 0.0006273388280533254, 0.010934053920209408, u_values, 0.27116119861602783, 0, 0, 0, reward, 0.996011880436032
OBs, -0.03719975799322128, 0.3961016535758972, 0.0003568823158275336, -0.06688356399536133, u_values, 0.11099755764007568, 0, 0, 0, reward, 0.982926513272191
OBs, -0.03218550607562065, 0.5955888032913208, -0.00047043984523043036, -0.09693066775798798, u_values, -0.45158976316452026, 0, 0, 0, reward, 0.9634914688066927
OBs, -0.031798381358385086, -0.5678313970565796, -0.0007118458743207157, 0.05528932437300682, u_values, -0.6749940514564514, 0, 0, 0, reward, 0.9667455627222091
OBs, -0.0462724044919014, -2.3535449504852295, 0.0009992512641474605, 0.28997164964675903, u_values, 0.5340077877044678, 0, 0, 0, reward, 0.44394138133677674
OBs, -0.06510289013385773, -1.3226205110549927, 0.0032480244990438223, 0.1466619223356247, u_values, 0.9977848529815674, 0, 0, 0, reward, 0.8208280571035672
OBs, -0.0673123151063919, 0.9187697768211365, 0.003209073329344392, -0.15970750153064728, u_values, 0.9470064640045166, 0, 0, 0, reward, 0.9110542321398584
OBs, -0.047107670456171036, 3.138763189315796, 0.0001044883465510793, -0.4621569514274597, u_values, -0.8801407814025879, 0, 0, 0, reward, 0.012597430432024659
OBs, -0.025419719517230988, 1.0466803312301636, -0.0032429834827780724, -0.18632133305072784, u_values, -0.9998623132705688, 0, 0, 0, reward, 0.8897988145870699
OBs, -0.02785557508468628, -1.5454742908477783, -0.0033963073510676622, 0.15714851021766663, u_values, -0.9207738041877747, 0, 0, 0, reward, 0.7603738350791948
OBs, -0.05550074577331543, -3.9876840114593506, -0.0002116556279361248, 0.47928979992866516, u_values, 0.9722681045532227, 0, 0, 0, reward, -0.5932427147860586
OBs, -0.08603017032146454, -1.9895269870758057, 0.0033084494061768055, 0.20487457513809204, u_values, 0.9999785423278809, 0, 0, 0, reward, 0.5967759519804192
OBs, -0.09484540671110153, 0.21406525373458862, 0.0038332019466906786, -0.0994105115532875, u_values, 0.9930105209350586, 0, 0, 0, reward, 0.986420486196444
OBs, -0.0817994475364685, 2.415924310684204, 0.0013259082334116101, -0.4031963348388672, u_values, -0.290859580039978, 0, 0, 0, reward, 0.4096396470839695
OBs, -0.060981567949056625, 1.6535030603408813, -0.0023028382565826178, -0.3082134425640106, u_values, -0.998930811882019, 0, 0, 0, reward, 0.722873481008405
OBs, -0.05707394331693649, -0.9321696162223816, -0.003726980881765485, 0.03166017308831215, u_values, -0.9887608289718628, 0, 0, 0, reward, 0.9098471566147875
OBs, -0.07961823791265488, -3.588045120239258, -0.001666730036959052, 0.38021162152290344, u_values, 0.816906213760376, 0, 0, 0, reward, -0.29374612009449286
OBs, -0.1083606630563736, -2.050384759902954, 0.0011515747755765915, 0.16471882164478302, u_values, 0.999945878982544, 0, 0, 0, reward, 0.5678500677253072
OBs, -0.11840405315160751, 0.03500824049115181, 0.001347071724012494, -0.1266823261976242, u_values, 0.9939392805099487, 0, 0, 0, reward, 0.9858577410468197
OBs, -0.10769141465425491, 2.1308512687683105, -0.0013783061876893044, -0.41944003105163574, u_values, -0.1312125325202942, 0, 0, 0, reward, 0.5343496562758188
OBs, -0.08829431235790253, 1.6778253316879272, -0.005378828849643469, -0.36835917830467224, u_values, -0.9976766109466553, 0, 0, 0, reward, 0.7106914368598954
OBs, -0.08419174700975418, -0.9292094707489014, -0.0074092973954975605, -0.02765020728111267, u_values, -0.9904883503913879, 0, 0, 0, reward, 0.9065632359137107
OBs, -0.10686051100492477, -3.6229522228240967, -0.005924376193434, 0.3240598440170288, u_values, 0.8048343658447266, 0, 0, 0, reward, -0.32400095952216823
OBs, -0.13647648692131042, -2.214646339416504, -0.0036009950563311577, 0.1225581169128418, u_values, 0.9999165534973145, 0, 0, 0, reward, 0.49090703093198573
OBs, -0.1487516313791275, -0.26164406538009644, -0.0037591061554849148, -0.1550058126449585, u_values, 0.9960888624191284, 0, 0, 0, reward, 0.971025777379277
OBs, -0.14172028005123138, 1.6898099184036255, -0.006693950388580561, -0.43272337317466736, u_values, 0.11963057518005371, 0, 0, 0, reward, 0.6943651252914933
OBs, -0.12449916452169418, 1.7200404405593872, -0.011152900755405426, -0.44998472929000854, u_values, -0.9917042255401611, 0, 0, 0, reward, 0.688633607597901
OBs, -0.11986090987920761, -0.8798872232437134, -0.014029166661202908, -0.112521693110466, u_values, -0.9926254749298096, 0, 0, 0, reward, 0.9081935279684544
OBs, -0.14210504293441772, -3.6016364097595215, -0.013382491655647755, 0.24085383117198944, u_values, 0.7576662302017212, 0, 0, 0, reward, -0.31739023514622966
OBs, -0.17249368131160736, -2.43200945854187, -0.011758393608033657, 0.0670357197523117, u_values, 0.9999070167541504, 0, 0, 0, reward, 0.37876510328183344
OBs, -0.187705859541893, -0.6574365496635437, -0.012377951294183731, -0.19179189205169678, u_values, 0.9978222846984863, 0, 0, 0, reward, 0.9215289072424645
OBs, -0.1855544000864029, 1.0976035594940186, -0.015580350533127785, -0.4489310383796692, u_values, 0.541576623916626, 0, 0, 0, reward, 0.8450719324949076
OBs, -0.1705925315618515, 1.91776704788208, -0.020733648911118507, -0.5779523253440857, u_values, -0.954247772693634, 0, 0, 0, reward, 0.6030721547613669
OBs, -0.16331477463245392, -0.564690113067627, -0.02500026859343052, -0.25864315032958984, u_values, -0.9965150952339172, 0, 0, 0, reward, 0.9413782906641435
OBs, -0.18235065042972565, -3.2949886322021484, -0.02581905759871006, 0.09399468451738358, u_values, 0.39787936210632324, 0, 0, 0, reward, -0.11901343071981119
OBs, -0.2138306200504303, -3.0342953205108643, -0.02508929930627346, 0.038589317351579666, u_values, 0.9998176097869873, 0, 0, 0, reward, 0.03351870942746771
OBs, -0.2360248863697052, -1.4987950325012207, -0.02585059218108654, -0.1944858282804489, u_values, 0.9996027946472168, 0, 0, 0, reward, 0.7195867727575229
OBs, -0.2432420551776886, 0.004328861366957426, -0.02895444817841053, -0.42540931701660156, u_values, 0.9556610584259033, 0, 0, 0, reward, 0.9407475926819292
OBs, -0.236352801322937, 1.4188814163208008, -0.03430052846670151, -0.6441749930381775, u_values, -0.30148935317993164, 0, 0, 0, reward, 0.7426972533234386
OBs, -0.22739332914352417, 0.3296143710613251, -0.04017690569162369, -0.5181525945663452, u_values, -0.986229419708252, 0, 0, 0, reward, 0.9372662921249142
OBs, -0.2366468459367752, -2.2770259380340576, -0.043718431144952774, -0.18404431641101837, u_values, -0.6775496602058411, 0, 0, 0, reward, 0.42532242793801056
OBs, -0.26847201585769653, -4.262765884399414, -0.044290296733379364, 0.06414368748664856, u_values, 0.995581865310669, 0, 0, 0, reward, -0.8893906848571203
OBs, -0.3040090799331665, -3.0728402137756348, -0.04456323757767677, -0.13112078607082367, u_values, 1.0, 0, 0, 0, reward, -0.036854806835819875
OBs, -0.32744866609573364, -1.8909991979599, -0.04688211530447006, -0.3300633728504181, u_values, 0.9996242523193359, 0, 0, 0, reward, 0.5349697811300841
OBs, -0.3401685059070587, -0.8201081156730652, -0.0511217899620533, -0.5164836049079895, u_values, 0.9839818477630615, 0, 0, 0, reward, 0.8167663117087843
OBs, -0.34316954016685486, 0.1777123510837555, -0.057175979018211365, -0.6939021944999695, u_values, 0.5443627834320068, 0, 0, 0, reward, 0.8787495894712287
OBs, -0.3401610255241394, 0.4369373321533203, -0.06449589878320694, -0.7663859724998474, u_values, -0.638900637626648, 0, 0, 0, reward, 0.8647830813954543
OBs, -0.34402474761009216, -1.3303054571151733, -0.07113412767648697, -0.5511955618858337, u_values, -0.8355080485343933, 0, 0, 0, reward, 0.7041697056967419
OBs, -0.3664857745170593, -3.46897292137146, -0.07530190050601959, -0.2832883298397064, u_values, 0.886688232421875, 0, 0, 0, reward, -0.3382561734661951
OBs, -0.3961465656757355, -2.8689939975738525, -0.07871022820472717, -0.41055527329444885, u_values, 0.9998562335968018, 0, 0, 0, reward, 0.01933571268943668
OBs, -0.4187011420726776, -2.0831401348114014, -0.08361488580703735, -0.5692178606987, u_values, 0.9990561008453369, 0, 0, 0, reward, 0.3900429265879767
OBs, -0.4343341588973999, -1.3861082792282104, -0.09005962312221527, -0.7183685302734375, u_values, 0.988048791885376, 0, 0, 0, reward, 0.6184131486686976
OBs, -0.4439631700515747, -0.7652488946914673, -0.09794873744249344, -0.8585845828056335, u_values, 0.8788363933563232, 0, 0, 0, reward, 0.7433767210384474
OBs, -0.4488036632537842, -0.3251781463623047, -0.10711323469877243, -0.9731737971305847, u_values, 0.29063618183135986, 0, 0, 0, reward, 0.7868538646580581
OBs, -0.4532221555709839, -0.6946203112602234, -0.11683835834264755, -0.9674940705299377, u_values, -0.2983763813972473, 0, 0, 0, reward, 0.7449748198200454
OBs, -0.4645538330078125, -1.8804551362991333, -0.12589408457279205, -0.8400792479515076, u_values, 0.13068366050720215, 0, 0, 0, reward, 0.4289936522213281
OBs, -0.4840622842311859, -2.5300564765930176, -0.13404935598373413, -0.7944965362548828, u_values, 0.9674956798553467, 0, 0, 0, reward, 0.12376820452589365
OBs, -0.5045068860054016, -2.148155927658081, -0.14254413545131683, -0.9089919328689575, u_values, 0.9957964420318604, 0, 0, 0, reward, 0.2819835299647212
OBs, -0.5211986899375916, -1.7496470212936401, -0.1522412896156311, -1.0295734405517578, u_values, 0.984246015548706, 0, 0, 0, reward, 0.4199077146687844
OBs, -0.5346157550811768, -1.4181097745895386, -0.1631067544221878, -1.1426656246185303, u_values, 0.9344964027404785, 0, 0, 0, reward, 0.5104220798065301
OBs, -0.5455288290977478, -1.1828397512435913, -0.17503905296325684, -1.2429345846176147, u_values, 0.7734901905059814, 0, 0, 0, reward, 0.5594234419048127
OBs, -0.5552292466163635, -1.1508009433746338, -0.18782389163970947, -1.3127187490463257, u_values, 0.5245535373687744, 0, 0, 0, reward, 0.5557584211475621
OBs, -0.5657624006271362, -1.4043642282485962, -0.2010866403579712, -1.3382378816604614, u_values, 0.45115935802459717, 0, 0, 0, reward, 0.4786454337851467
OBs, -0.5787043571472168, -1.756034255027771, -0.21452708542346954, -1.3494559526443481, u_values, 0.6822283267974854, 0, 0, 0, reward, 0.35213344949770375
OBs, -0.5935347676277161, -1.9002611637115479, -0.22825202345848083, -1.3966779708862305, u_values, 0.8846864700317383, 0, 0, 0, reward, 0.2814073319647874
OBs, -0.6086074709892273, -1.8704144954681396, -0.2426091581583023, -1.475459098815918, u_values, 0.9205795526504517, 0, 0, 0, reward, 0.2738659874081353
OBs, -0.6231766939163208, -1.832581877708435, -0.2577804923057556, -1.5585644245147705, u_values, 0.8990821838378906, 0, 0, 0, reward, 0.2691700960876471
OBs, -0.6374263763427734, -1.8440736532211304, -0.27375689148902893, -1.6362345218658447, u_values, 0.8677980899810791, 0, 0, 0, reward, 0.2461325673283148
OBs, -0.6517617106437683, -1.9115382432937622, -0.29047614336013794, -1.7071670293807983, u_values, 0.8530409336090088, 0, 0, 0, reward, 0.20137118799511067
OBs, -0.6665216088294983, -2.0185775756835938, -0.3078843057155609, -1.7741541862487793, u_values, 0.864626407623291, 0, 0, 0, reward, 0.1388041274874765
